<?xml version="1.0"?>
<opencv_storage>
<myHist>
  <_ type_id="opencv-matrix">
    <rows>30</rows>
    <cols>32</cols>
    <dt>f</dt>
    <data>
      1337. 53. 117. 21. 14. 26. 48. 9. 15. 5. 5. 2. 0. 3. 4. 1. 2. 0.
      5. 3. 9. 15. 19. 48. 98. 283. 1285. 3329. 4288. 4684. 4741. 7689.
      36. 86. 27. 53. 43. 19. 15. 10. 5. 0. 0. 0. 0. 0. 0. 0. 0. 0. 0.
      0. 0. 0. 0. 0. 0. 0. 0. 0. 0. 0. 1. 2. 0. 50. 103. 54. 33. 15. 15.
      0. 0. 0. 0. 0. 0. 0. 0. 0. 0. 0. 0. 0. 0. 0. 0. 0. 0. 0. 0. 0. 0.
      0. 0. 0. 166. 43. 106. 9. 13. 3. 10. 10. 0. 0. 0. 0. 1. 0. 0. 0.
      0. 0. 0. 0. 0. 0. 0. 0. 0. 0. 0. 0. 0. 0. 0. 0. 42. 100. 29. 18.
      17. 3. 0. 0. 7. 0. 0. 0. 0. 0. 0. 0. 0. 0. 0. 0. 0. 0. 0. 0. 0. 0.
      0. 0. 0. 0. 0. 0. 79. 180. 35. 17. 10. 24. 12. 4. 0. 0. 0. 0. 0.
      0. 0. 0. 0. 0. 0. 0. 0. 0. 0. 0. 0. 0. 0. 0. 0. 0. 0. 0. 19. 48.
      0. 0. 4. 3. 2. 6. 6. 2. 0. 0. 6. 0. 0. 0. 0. 0. 0. 0. 0. 0. 0. 0.
      0. 0. 0. 0. 0. 0. 0. 0. 1. 3. 0. 0. 2. 1. 35. 18. 10. 10. 11. 2.
      9. 13. 5. 0. 4. 0. 0. 0. 0. 0. 0. 0. 0. 0. 0. 0. 0. 0. 0. 0. 9. 0.
      14. 34. 89. 57. 147. 86. 161. 21. 6. 3. 5. 4. 3. 0. 0. 2. 1. 0. 0.
      0. 0. 0. 0. 0. 0. 0. 0. 0. 0. 0. 0. 1. 0. 0. 0. 12. 17. 14. 9. 6.
      21. 8. 8. 5. 2. 0. 2. 1. 0. 0. 0. 0. 0. 0. 0. 0. 0. 0. 0. 0. 0. 0.
      0. 0. 0. 0. 0. 1. 7. 6. 16. 3. 1. 0. 0. 0. 0. 0. 0. 0. 0. 0. 0. 0.
      0. 0. 0. 0. 0. 0. 0. 0. 0. 0. 0. 0. 0. 0. 2. 114. 104. 54. 143.
      56. 72. 23. 14. 4. 2. 0. 0. 1. 0. 0. 0. 0. 0. 0. 0. 0. 0. 0. 0. 0.
      0. 0. 11. 20. 127. 193. 258. 94. 14. 8. 14. 8. 4. 5. 3. 1. 0. 0.
      0. 0. 0. 0. 0. 0. 0. 0. 0. 0. 0. 0. 0. 0. 0. 0. 0. 0. 0. 16. 143.
      234. 232. 324. 231. 147. 102. 44. 32. 23. 11. 7. 6. 0. 1. 0. 0. 0.
      0. 0. 0. 0. 0. 0. 0. 0. 0. 0. 0. 0. 2. 0. 0. 0. 0. 0. 3. 37. 25.
      36. 23. 8. 5. 4. 3. 1. 0. 0. 0. 0. 0. 0. 0. 0. 0. 0. 0. 0. 0. 0.
      0. 1. 1. 1. 2. 1. 48. 109. 94. 46. 32. 17. 40. 12. 3. 0. 2. 0. 0.
      0. 0. 0. 0. 0. 0. 0. 0. 0. 0. 0. 0. 0. 2. 1. 0. 0. 7. 160. 249.
      93. 294. 169. 117. 104. 63. 18. 9. 8. 0. 0. 0. 0. 0. 0. 0. 0. 0.
      0. 0. 0. 0. 0. 0. 0. 0. 3. 2. 0. 0. 0. 21. 120. 189. 124. 85. 42.
      9. 4. 0. 0. 0. 0. 0. 0. 0. 0. 0. 0. 0. 0. 0. 0. 0. 0. 0. 0. 39.
      11. 24. 77. 70. 126. 38. 33. 79. 77. 36. 31. 17. 7. 1. 0. 0. 0. 0.
      0. 0. 0. 0. 0. 0. 0. 0. 0. 0. 0. 0. 0. 39. 37. 3. 5. 26. 66. 72.
      67. 34. 4. 3. 4. 3. 17. 12. 4. 3. 0. 0. 0. 0. 0. 0. 0. 0. 0. 0. 0.
      0. 0. 0. 0. 11038. 18666. 43. 7. 10. 15. 26. 28. 56. 27. 17. 15.
      21. 18. 21. 14. 4. 1. 2. 0. 0. 0. 0. 0. 0. 0. 0. 0. 0. 0. 0. 0.
      8734. 76525. 95. 0. 4. 4. 2. 4. 0. 1. 1. 0. 0. 0. 0. 0. 0. 0. 0.
      0. 0. 0. 0. 0. 0. 0. 0. 0. 0. 0. 0. 0. 33380. 15309. 1530. 0. 2.
      1. 0. 0. 0. 0. 0. 0. 0. 0. 0. 0. 0. 0. 0. 0. 0. 0. 0. 0. 0. 0. 0.
      0. 0. 0. 0. 0. 14538. 103848. 1300. 2. 0. 1. 0. 0. 0. 0. 0. 0. 0.
      0. 0. 0. 0. 0. 0. 0. 0. 0. 0. 0. 0. 0. 0. 0. 0. 0. 0. 0. 704.
      21341. 13375. 3. 1. 0. 0. 0. 0. 0. 0. 0. 0. 0. 0. 0. 0. 0. 0. 0.
      0. 0. 0. 0. 0. 0. 0. 0. 0. 0. 0. 0. 4. 15459. 7782. 58. 1. 1. 3.
      1. 0. 0. 0. 0. 1. 0. 0. 0. 0. 0. 0. 0. 0. 0. 0. 0. 0. 0. 0. 0. 0.
      0. 0. 0. 344. 2661. 14755. 2736. 173. 14. 3. 3. 2. 0. 0. 0. 1. 0.
      0. 0. 2. 1. 0. 0. 0. 0. 2. 0. 0. 1. 1. 2. 1. 0. 0. 0. 2272. 321.
      5309. 4780. 947. 266. 223. 155. 146. 158. 124. 64. 41. 43. 30. 16.
      14. 7. 1. 2. 2. 3. 0. 0. 0. 1. 1. 0. 0. 0. 0. 0. 73. 181. 430.
      635. 643. 430. 382. 459. 547. 759. 991. 1175. 925. 901. 640. 627.
      572. 554. 565. 587. 616. 642. 664. 604. 356. 256. 81. 24. 10. 2.
      0. 0. 0. 83. 291. 139. 183. 170. 107. 107. 131. 153. 130. 143.
      138. 158. 187. 171. 207. 216. 278. 301. 374. 495. 708. 1113. 2176.
      3408. 4188. 2852. 778. 98. 16. 1.</data></_>
  <_ type_id="opencv-matrix">
    <rows>30</rows>
    <cols>32</cols>
    <dt>f</dt>
    <data>
      0. 27. 86. 138. 58. 26. 53. 34. 13. 2. 18. 4. 4. 1. 0. 0. 0. 0. 0.
      0. 0. 0. 0. 0. 0. 0. 0. 0. 0. 2. 159. 23062. 0. 0. 0. 0. 0. 15. 9.
      0. 0. 0. 0. 0. 0. 0. 0. 0. 0. 0. 0. 0. 0. 0. 0. 0. 0. 0. 0. 0. 0.
      0. 0. 0. 0. 0. 0. 0. 0. 0. 0. 0. 0. 0. 0. 0. 0. 0. 0. 0. 0. 0. 0.
      0. 0. 0. 0. 0. 0. 0. 0. 0. 0. 0. 0. 0. 0. 0. 0. 0. 0. 0. 0. 0. 0.
      0. 0. 0. 0. 0. 0. 0. 0. 0. 0. 0. 0. 0. 0. 0. 0. 0. 0. 0. 0. 0. 0.
      0. 0. 0. 0. 0. 0. 0. 0. 0. 0. 0. 0. 0. 0. 0. 0. 0. 0. 0. 0. 0. 0.
      0. 0. 0. 0. 0. 0. 0. 0. 0. 0. 0. 0. 0. 0. 0. 0. 0. 0. 0. 0. 0. 0.
      0. 0. 0. 0. 0. 0. 0. 0. 0. 0. 0. 0. 0. 0. 0. 0. 0. 0. 0. 0. 0. 0.
      0. 0. 0. 0. 0. 0. 0. 0. 0. 0. 0. 0. 0. 0. 0. 0. 0. 0. 0. 0. 0. 0.
      0. 0. 0. 0. 0. 0. 0. 0. 0. 0. 0. 0. 0. 0. 0. 0. 0. 0. 0. 0. 0. 0.
      0. 0. 0. 0. 0. 0. 0. 0. 0. 0. 0. 0. 0. 0. 0. 0. 0. 0. 0. 0. 0. 0.
      0. 0. 0. 0. 0. 0. 0. 0. 0. 0. 0. 0. 0. 0. 0. 0. 0. 0. 0. 0. 0. 0.
      0. 0. 0. 0. 0. 0. 0. 0. 0. 0. 0. 0. 0. 0. 0. 0. 0. 0. 0. 0. 0. 0.
      0. 0. 0. 0. 0. 0. 0. 0. 0. 0. 0. 0. 0. 0. 0. 0. 0. 0. 0. 0. 0. 0.
      0. 0. 0. 0. 0. 0. 0. 0. 0. 0. 0. 0. 0. 0. 0. 0. 0. 0. 0. 0. 0. 0.
      0. 0. 0. 0. 0. 0. 0. 0. 0. 0. 0. 0. 0. 0. 0. 0. 0. 0. 0. 0. 0. 0.
      0. 0. 0. 0. 0. 0. 0. 0. 0. 0. 0. 0. 0. 0. 0. 0. 0. 0. 0. 0. 0. 0.
      0. 0. 0. 0. 0. 0. 0. 0. 0. 0. 0. 0. 0. 0. 0. 0. 0. 0. 0. 0. 0. 0.
      0. 0. 0. 0. 0. 0. 0. 0. 0. 0. 0. 0. 0. 0. 0. 0. 0. 0. 0. 0. 0. 0.
      0. 0. 0. 0. 0. 0. 0. 0. 0. 0. 0. 0. 0. 0. 0. 0. 0. 0. 0. 0. 0. 0.
      0. 0. 0. 0. 0. 0. 0. 0. 0. 0. 0. 0. 0. 0. 0. 0. 0. 0. 0. 0. 0. 0.
      0. 0. 0. 0. 0. 0. 0. 0. 0. 0. 0. 0. 0. 0. 0. 0. 0. 0. 0. 0. 0. 0.
      0. 0. 0. 0. 0. 0. 0. 0. 0. 0. 0. 0. 0. 0. 0. 0. 0. 0. 0. 0. 0. 0.
      0. 0. 0. 0. 0. 0. 0. 0. 0. 0. 0. 0. 0. 0. 0. 0. 0. 0. 0. 0. 0. 0.
      0. 0. 0. 0. 0. 0. 0. 0. 0. 0. 0. 0. 0. 0. 0. 0. 0. 0. 0. 0. 0. 0.
      0. 0. 0. 0. 0. 0. 0. 0. 0. 0. 0. 0. 0. 0. 0. 0. 0. 0. 0. 0. 0. 0.
      0. 0. 0. 0. 0. 0. 0. 0. 0. 0. 0. 0. 0. 0. 0. 0. 0. 0. 0. 0. 0. 0.
      0. 0. 0. 0. 0. 0. 0. 0. 0. 0. 0. 0. 0. 0. 0. 0. 0. 0. 0. 0. 0. 0.
      0. 0. 0. 0. 0. 0. 0. 0. 0. 2. 10. 0. 0. 0. 0. 0. 0. 0. 0. 0. 0. 0.
      0. 0. 0. 0. 0. 0. 0. 0. 0. 0. 0. 0. 0. 0. 0. 0. 0. 0. 0. 0. 0. 0.
      0. 0. 0. 0. 0. 0. 0. 0. 0. 0. 0. 0. 0. 0. 0. 0. 0. 0. 0. 0. 0. 0.
      0. 0. 0. 0. 0. 0. 0. 11. 0. 10. 108. 18. 6. 5. 16. 9. 6. 25. 10.
      14. 4. 0. 0. 0. 0. 0. 0. 0. 0. 0. 0. 0. 0. 0. 0. 0. 0. 8. 173.
      418. 131. 188. 85. 43. 86. 39. 83. 206. 350. 99. 32. 4. 2. 0. 0.
      0. 0. 0. 0. 0. 0. 0. 0. 0. 0. 0. 0. 0. 0. 0. 2571. 104. 11. 6. 36.
      296. 125. 72. 102. 68. 26. 16. 4. 0. 0. 0. 0. 0. 0. 0. 0. 0. 0. 0.
      0. 0. 0. 0. 0. 0. 0. 0. 9743. 17996. 68. 44. 16. 17. 56. 171. 49.
      59. 14. 0. 0. 0. 0. 0. 0. 0. 0. 0. 0. 0. 0. 0. 0. 0. 0. 0. 0. 0.
      0. 20. 13533. 22293. 9233. 1557. 743. 391. 684. 812. 469. 121. 0.
      0. 86. 106. 64. 0. 0. 0. 0. 0. 0. 0. 0. 0. 0. 0. 0. 0. 4. 0. 0. 0.
      194. 956. 665. 1135. 208. 251. 292. 332. 501. 769. 1001. 1581.
      1750. 2202. 2897. 3106. 3102. 3862. 4687. 6982. 6631. 9683. 11527.
      16396. 16494. 64125. 127333. 14261. 1514. 180. 13. 0. 3281. 538.
      40. 109. 187. 371. 153. 30. 28. 0. 17. 15. 0. 0. 0. 0. 0. 0. 0. 0.
      0. 0. 0. 0. 37. 125. 354. 1007. 2775. 6011. 4566. 0. 32. 164. 253.
      100. 18. 13. 12. 25. 0. 0. 0. 0. 0. 0. 0. 0. 0. 0. 0. 0. 0. 0. 0.
      0. 0. 2. 7. 68. 356. 1702. 16860.</data></_>
  <_ type_id="opencv-matrix">
    <rows>30</rows>
    <cols>32</cols>
    <dt>f</dt>
    <data>
      410. 3340. 157781. 62143. 10559. 437. 108. 10. 6. 6. 12. 9. 19. 9.
      9. 7. 15. 13. 17. 25. 30. 22. 21. 47. 87. 129. 219. 219. 154. 116.
      69. 49. 0. 87. 64381. 25367. 681. 645. 69. 30. 10. 14. 6. 5. 1. 0.
      0. 0. 0. 0. 0. 0. 0. 0. 0. 0. 0. 0. 0. 0. 0. 0. 0. 7. 0. 7. 1982.
      258. 53. 39. 36. 33. 15. 8. 0. 0. 0. 64. 0. 0. 0. 0. 0. 0. 0. 0.
      0. 0. 0. 0. 0. 0. 0. 0. 0. 0. 2. 0. 64. 155. 59. 63. 28. 27. 18.
      9. 0. 0. 0. 0. 0. 0. 0. 0. 0. 0. 0. 0. 0. 0. 0. 0. 0. 0. 0. 0. 0.
      0. 0. 0. 4. 21. 23. 26. 94. 27. 21. 0. 0. 0. 0. 0. 0. 0. 0. 0. 0.
